0;23.76;35.06;71197.91
1;21.52;42.81;99687.58
3;21.52;42.72;99686.76
5;21.51;42.71;99682.46
6;21.49;42.68;99681.85
8;21.50;42.70;99686.97
9;21.49;42.67;99681.85
11;21.48;42.65;99681.02
12;21.47;42.63;99682.09
14;21.46;42.58;99680.45
15;21.47;42.61;99686.61
17;21.47;42.60;99686.61
18;21.47;42.60;99686.61
20;21.46;42.58;99684.97
21;21.46;42.58;99683.12
23;21.46;42.55;99684.97
25;21.45;42.55;99686.00
26;21.46;42.56;99679.63
28;21.45;42.55;99684.15
29;21.44;42.56;99682.51
31;21.43;42.57;99683.54
32;21.43;42.59;99683.54
34;21.43;42.75;99686.21
35;21.43;42.88;99686.21
37;21.43;42.95;99685.39
38;21.42;42.85;99679.24
40;21.43;42.74;99680.05
41;21.41;42.71;99680.27
43;21.42;42.69;99676.57
45;21.42;42.70;99686.42
46;21.42;42.70;99683.75
48;21.40;42.71;99691.16
49;21.40;42.67;99686.64
51;21.41;42.65;99684.78
52;21.40;42.67;99681.30
54;21.40;42.69;99691.16
55;21.38;42.72;99680.69
57;21.37;42.73;99683.60
58;21.37;42.72;99687.10
60;21.36;42.74;99692.65
61;21.36;42.75;99689.97
63;21.35;42.77;99685.67
65;21.34;42.76;99681.36
66;21.34;42.77;99686.70
68;21.33;42.77;99688.55
69;21.32;42.78;99686.91
71;21.33;42.79;99693.07
72;21.31;42.79;99687.94
74;21.31;42.78;99693.28
75;21.30;42.80;99686.30
77;21.30;42.81;99683.63
78;21.29;42.83;99690.00
80;21.28;42.83;99685.69
81;21.29;42.83;99687.33
83;21.28;42.82;99689.18
85;21.28;42.82;99691.03
86;21.27;42.83;99692.10
88;21.26;42.84;99685.11
89;21.26;42.81;99688.60
91;21.26;42.81;99688.60
92;21.26;42.81;99682.44
94;21.25;42.84;99689.64
95;21.25;42.85;99691.49
97;21.24;42.89;99690.67
98;21.25;42.92;99688.82
100;21.24;42.96;99692.52
101;21.23;43.00;99685.53
103;21.22;43.04;99687.39
105;21.22;43.01;99687.39
106;21.22;43.02;99681.23
108;21.21;43.04;99687.60
109;21.20;43.09;99684.11
111;21.20;43.14;99680.62
112;21.19;43.15;99682.47
114;21.19;43.15;99679.80
115;21.19;43.20;99679.80
117;21.19;43.21;99687.81
118;21.19;43.21;99689.66
120;21.19;43.23;99686.99
121;21.17;43.25;99683.71
123;21.17;43.26;99684.50
125;21.17;43.25;99683.71
126;21.16;43.23;99684.74
128;21.16;43.22;99685.56
129;21.15;43.21;99680.42
131;21.15;43.21;99685.77
132;21.15;43.22;99688.44
134;21.15;43.22;99686.59
135;21.14;43.24;99684.95
137;21.13;43.26;99680.64
138;21.14;43.24;99681.46
140;21.12;43.25;99689.68
141;21.13;43.25;99687.83
143;21.13;43.27;99690.50
145;21.12;43.27;99687.01
146;21.11;43.28;99687.22
148;21.11;43.28;99688.04
149;21.10;43.27;99686.40
151;21.11;43.25;99681.88
152;21.10;43.23;99680.24
154;21.10;43.24;99688.25
155;21.09;43.24;99676.75
157;21.10;43.25;99685.58
158;21.09;43.26;99686.61
160;21.08;43.27;99685.79
161;21.08;43.27;99685.79
163;21.08;43.28;99685.79
165;21.08;43.28;99679.63
166;21.08;43.29;99687.64
168;21.08;43.30;99687.64
169;21.07;43.30;99686.82
171;21.07;43.34;99680.69
172;21.07;43.33;99681.49
174;21.06;43.35;99687.88
175;21.06;43.38;99679.05
177;21.06;43.38;99684.39
178;21.06;43.38;99684.39
180;21.06;43.41;99684.39
182;21.04;43.43;99684.60
183;21.05;43.47;99682.75
185;21.05;43.48;99685.42
186;21.04;43.48;99687.27
188;21.03;43.48;99680.29
189;21.03;43.47;99685.63
191;21.03;43.48;99688.30
192;21.04;43.50;99689.13
194;21.02;43.50;99685.85
195;21.03;43.54;99692.82
197;21.02;43.55;99691.18
198;21.01;43.55;99693.03
200;21.02;43.55;99692.00
202;21.00;43.57;99686.05
203;21.01;43.57;99689.54
205;21.01;43.56;99678.86
206;21.01;43.54;99678.86
208;21.00;43.61;99677.22
209;21.01;43.61;99682.35
211;20.99;43.62;99680.92
212;20.99;43.57;99678.25
214;20.99;43.56;99683.60
215;20.99;43.57;99680.92
217;20.98;43.56;99689.96
218;20.98;43.55;99684.62
220;20.98;43.54;99684.62
222;20.97;43.53;99683.01
223;20.97;43.56;99691.02
225;20.96;43.55;99681.37
226;20.96;43.48;99681.37
228;20.95;43.46;99680.55
229;20.95;43.47;99675.21
231;20.94;43.47;99677.07
232;20.94;43.48;99685.07
234;20.94;43.57;99690.41
235;20.94;43.62;99682.40
237;20.93;43.68;99683.42
238;20.94;43.75;99681.58
240;20.93;43.73;99686.10
242;20.93;43.71;99683.42
243;20.94;43.69;99682.40
245;20.93;43.70;99688.77
246;20.93;43.70;99683.42
248;20.93;43.69;99685.28
249;20.93;43.67;99685.28
251;20.92;43.66;99689.80
252;20.92;43.65;99686.31
254;20.92;43.67;99683.64
255;20.92;43.66;99684.46
257;20.92;43.67;99684.46
258;20.91;43.65;99682.82
260;20.91;43.67;99685.49
262;20.91;43.70;99682.00
263;20.91;43.73;99679.33
265;20.90;43.72;99686.52
266;20.90;43.75;99681.17
268;20.90;43.76;99689.19
269;20.90;43.75;99691.03
271;20.89;43.77;99684.88
272;20.90;43.80;99689.19
274;20.90;43.81;99685.69
275;20.88;43.80;99685.91
277;20.88;43.80;99688.57
279;20.89;43.79;99689.39
280;20.88;43.83;99685.91
282;20.87;43.83;99686.93
283;20.87;43.85;99681.60
285;20.88;43.83;99682.42
286;20.88;43.83;99685.08
288;20.87;43.84;99683.44
289;20.88;43.83;99685.08
291;20.87;43.84;99683.44
292;20.86;43.86;99682.66
294;20.87;43.86;99688.78
295;20.85;43.88;99683.68
297;20.85;43.88;99681.02
299;20.86;43.90;99687.17
300;20.86;43.91;99684.50
302;20.85;43.92;99688.21
303;20.84;43.95;99686.57
305;20.85;43.97;99690.87
306;20.84;44.00;99692.72
308;20.84;44.01;99687.38
309;20.84;44.04;99687.38
311;20.83;44.09;99692.92
312;20.82;44.10;99684.10
314;20.83;44.10;99685.74
315;20.83;44.11;99688.41
317;20.83;44.11;99687.59
319;20.82;44.12;99689.44
320;20.83;44.13;99690.26
322;20.82;44.14;99693.96
323;20.82;44.13;99680.61
325;20.82;44.13;99688.62
326;20.81;44.16;99690.47
328;20.82;44.14;99688.62
329;20.81;44.14;99687.80
331;20.81;44.16;99695.81
332;20.80;44.17;99682.67
334;20.82;44.17;99683.28
335;20.81;44.15;99685.13
337;20.81;44.18;99685.13
339;20.80;44.15;99680.82
340;20.80;44.16;99686.16
342;20.81;44.14;99681.64
343;20.80;44.14;99685.33
345;20.80;44.16;99686.16
346;20.79;44.17;99686.36
348;20.79;44.16;99686.36
349;20.78;44.18;99688.21
351;20.79;44.20;99687.19
352;20.78;44.24;99684.72
354;20.79;44.22;99686.36
355;20.78;44.25;99682.06
357;20.78;44.22;99684.72
359;20.78;44.26;99688.21
360;20.77;44.28;99683.91
362;20.76;44.28;99687.64
363;20.77;44.26;99691.09
365;20.77;44.24;99691.09
366;20.77;44.24;99683.91
368;20.77;44.24;99691.09
369;20.76;44.23;99687.64
371;20.77;44.23;99688.42
372;20.76;44.24;99684.97
374;20.75;44.26;99688.66
375;20.75;44.29;99686.00
377;20.76;44.28;99686.82
379;20.76;44.25;99684.14
380;20.75;44.25;99679.84
382;20.76;44.23;99692.15
383;20.74;44.22;99684.35
385;20.74;44.24;99687.02
386;20.75;44.23;99683.32
388;20.75;44.20;99690.51
389;20.74;44.21;99688.87
391;20.74;44.24;99687.02
392;20.75;44.26;99687.84
394;20.75;44.27;99687.84
396;20.73;44.29;99688.05
397;20.74;44.31;99688.87
399;20.74;44.31;99686.20
400;20.74;44.32;99683.53
402;20.74;44.32;99681.68
403;20.73;44.29;99688.05
405;20.74;44.29;99692.36
406;20.73;44.28;99688.05
408;20.73;44.27;99690.72
409;20.73;44.29;99687.23
411;20.73;44.29;99695.24
412;20.73;44.31;99689.89
414;20.73;44.34;99689.89
416;20.73;44.36;99689.89
417;20.72;44.35;99689.08
419;20.72;44.38;99686.41
420;20.72;44.39;99690.92
422;20.72;44.38;99686.41
423;20.71;44.38;99686.61
425;20.71;44.39;99684.77
426;20.70;44.43;99688.46
428;20.71;44.41;99682.10
429;20.71;44.40;99678.61
431;20.71;44.41;99687.44
432;20.70;44.41;99687.64
434;20.70;44.40;99682.31
436;20.71;44.41;99684.77
437;20.70;44.42;99687.64
439;20.70;44.41;99685.80
440;20.71;44.42;99683.95
442;20.69;44.42;99684.16
443;20.69;44.39;99681.49
445;20.70;44.40;99688.46
446;20.70;44.42;99692.98
448;20.70;44.43;99696.47
449;20.70;44.47;99687.64
451;20.70;44.47;99684.97
452;20.70;44.47;99688.46
454;20.70;44.52;99684.97
456;20.69;44.53;99683.33
457;20.69;44.52;99681.49
459;20.70;44.52;99687.64
460;20.69;44.54;99686.00
462;20.69;44.53;99688.67
463;20.68;44.51;99682.52
465;20.68;44.49;99682.52
466;20.69;44.46;99684.16
468;20.68;44.46;99682.52
469;20.68;44.46;99690.52
471;20.68;44.46;99687.03
472;20.68;44.45;99690.52
474;20.68;44.43;99687.03
476;20.68;44.41;99684.36
477;20.68;44.42;99687.03
479;20.68;44.43;99684.36
480;20.67;44.45;99688.88
482;20.68;44.46;99684.36
483;20.67;44.47;99683.54
485;20.66;44.48;99689.12
486;20.67;44.48;99682.72
488;20.68;44.48;99687.03
489;20.67;44.48;99691.55
491;20.66;44.48;99687.24
493;20.65;44.48;99685.63
494;20.67;44.49;99690.72
496;20.65;44.49;99688.30
497;20.64;44.51;99691.99
499;20.65;44.53;99695.48
500;20.66;44.56;99692.57
502;20.65;44.57;99696.30
503;20.65;44.58;99690.96
505;20.64;44.62;99691.17
506;20.66;44.59;99694.46
508;20.65;44.59;99696.30
509;20.65;44.60;99698.14
511;20.65;44.58;99692.82
513;20.64;44.62;99688.50
514;20.64;44.62;99689.32
516;20.64;44.66;99689.32
517;20.64;44.67;99688.50
519;20.64;44.65;99686.66
520;20.64;44.65;99685.83
522;20.64;44.66;99689.32
523;20.64;44.67;99683.17
525;20.63;44.68;99690.35
526;20.64;44.65;99688.50
528;20.63;44.64;99687.68
529;20.62;44.63;99688.71
531;20.63;44.63;99692.20
533;20.63;44.65;99695.69
534;20.64;44.67;99691.17
536;20.62;44.70;99688.71
537;20.63;44.71;99694.86
539;20.62;44.70;99688.71
540;20.63;44.71;99686.86
542;20.62;44.68;99685.22
543;20.62;44.70;99683.38
545;20.62;44.70;99688.71
546;20.62;44.70;99687.89
548;20.62;44.74;99690.56
549;20.62;44.75;99686.04
551;20.63;44.75;99686.86
553;20.61;44.78;99687.07
554;20.62;44.78;99694.05
556;20.61;44.75;99689.74
557;20.61;44.75;99689.74
559;20.61;44.74;99681.74
560;20.61;44.74;99679.07
562;20.62;44.74;99687.89
563;20.61;44.75;99683.58
565;20.61;44.72;99679.07
566;20.61;44.69;99678.25
568;20.60;44.69;99685.42
569;20.61;44.66;99691.58
571;20.61;44.67;99684.40
573;20.60;44.66;99688.10
574;20.62;44.67;99690.56
576;20.60;44.66;99680.10
577;20.60;44.68;99685.42
579;20.60;44.68;99682.76
580;20.60;44.68;99688.10
582;20.60;44.66;99690.77
583;20.60;44.65;99685.42
585;20.59;44.64;99691.79
586;20.60;44.65;99690.77
588;20.60;44.65;99689.94
590;20.60;44.64;99692.61
591;20.59;44.64;99691.79
593;20.60;44.65;99682.76
594;20.60;44.66;99687.28
596;20.58;44.67;99682.14
597;20.59;44.67;99689.13
599;20.59;44.67;99686.46
600;20.59;44.67;99686.46
602;20.60;44.68;99681.94
603;20.59;44.68;99678.46
605;20.60;44.69;99681.94
606;20.60;44.65;99673.94
608;20.59;44.68;99683.78
610;20.59;44.69;99681.12
611;20.58;44.68;99680.30
613;20.59;44.69;99689.13
614;20.58;44.70;99690.97
616;20.58;44.70;99693.64
617;20.58;44.69;99690.15
619;20.59;44.66;99686.46
620;20.58;44.67;99698.97
622;20.59;44.67;99691.79
623;20.57;44.67;99686.66
625;20.58;44.67;99696.31
626;20.58;44.68;99688.30
628;20.58;44.67;99688.30
630;20.58;44.67;99692.82
631;20.58;44.68;99684.82
633;20.57;44.64;99685.85
634;20.57;44.67;99684.00
636;20.57;44.69;99686.66
637;20.57;44.70;99686.66
639;20.56;44.70;99685.02
640;20.56;44.69;99682.35
642;20.57;44.72;99691.17
643;20.56;44.72;99687.69
645;20.56;44.73;99684.20
646;20.56;44.74;99689.53
648;20.57;44.72;99685.85
650;20.56;44.73;99685.02
651;20.55;44.72;99685.26
653;20.56;44.73;99686.87
654;20.56;44.73;99685.02
656;20.56;44.72;99689.53
657;20.54;44.73;99689.78
659;20.56;44.72;99697.54
660;20.55;44.73;99690.60
662;20.55;44.73;99691.42
663;20.54;44.74;99681.77
665;20.55;44.73;99683.41
666;20.54;44.72;99681.77
668;20.54;44.73;99681.77
670;20.54;44.74;99678.28
671;20.54;44.74;99676.44
673;20.54;44.76;99681.77
674;20.55;44.73;99685.26
676;20.54;44.76;99681.77
677;20.54;44.73;99688.96
679;20.54;44.73;99688.96
680;20.55;44.73;99687.92
682;20.55;44.73;99686.08
683;20.55;44.72;99696.75
685;20.54;44.76;99689.78
687;20.54;44.78;99689.78
688;20.54;44.77;99692.44
690;20.54;44.84;99689.78
691;20.55;44.88;99690.60
693;20.55;44.92;99687.92
694;20.54;44.92;99684.44
696;20.54;44.92;99688.96
697;20.54;44.93;99684.44
699;20.54;44.88;99681.77
700;20.53;44.86;99692.65
702;20.53;44.84;99682.80
703;20.53;44.86;99690.80
705;20.53;44.88;99685.47
707;20.53;44.88;99680.13
708;20.54;44.85;99683.62
710;20.54;44.83;99689.78
711;20.54;44.81;99692.44
713;20.54;44.80;99675.61
714;20.54;44.81;99686.28
716;20.54;44.80;99681.77
717;20.53;44.77;99685.47
719;20.54;44.78;99678.28
720;20.54;44.77;99686.28
722;20.54;44.78;99686.28
723;20.52;44.79;99680.34
725;20.53;44.79;99681.98
0;23.76;35.06;71197.91
1;19.94;47.50;99696.25
3;19.90;45.41;99696.86
5;19.87;44.24;99695.42
6;19.88;43.93;99706.90
8;19.81;44.09;99699.75
9;19.82;44.17;99703.23
11;19.80;43.50;99703.42
12;19.76;43.36;99707.52
14;19.74;43.26;99703.44
15;19.73;43.31;99699.14
17;19.73;43.17;99701.80
18;19.71;43.08;99702.00
20;19.70;43.03;99704.87
21;19.70;42.98;99712.86
23;19.69;42.95;99713.88
25;19.68;42.93;99721.05
26;19.68;42.83;99712.24
28;19.66;42.87;99716.94
29;19.65;42.86;99710.80
31;19.64;42.82;99716.35
32;19.62;42.82;99710.41
34;19.59;42.85;99706.30
35;19.56;42.90;99711.21
37;19.53;42.92;99715.11
38;19.52;42.96;99713.47
40;19.51;43.00;99713.67
41;19.50;43.06;99715.52
43;19.50;43.07;99720.02
45;19.46;43.12;99712.39
46;19.45;43.15;99712.60
48;19.44;43.19;99716.28
49;19.42;43.24;99710.36
51;19.40;43.29;99707.07
52;19.36;43.34;99709.32
54;19.36;43.38;99703.17
55;19.34;43.44;99705.21
57;19.32;43.52;99713.42
58;19.31;43.55;99714.44
60;19.29;43.59;99719.14
61;19.27;43.63;99723.02
63;19.26;43.68;99729.36
65;19.24;43.72;99728.74
66;19.21;43.75;99718.52
68;19.20;43.81;99712.37
69;19.18;43.82;99714.41
71;19.16;43.85;99708.46
72;19.14;43.88;99705.17
74;19.13;43.94;99709.67
75;19.11;43.96;99710.92
77;19.09;44.01;99718.28
78;19.07;43.97;99712.33
80;19.05;43.99;99706.38
81;19.04;44.01;99710.07
83;19.03;44.03;99711.11
85;19.01;44.06;99707.82
86;19.00;44.09;99706.17
88;18.98;44.15;99711.70
89;18.98;44.22;99716.20
91;18.96;44.29;99708.41
92;18.95;44.34;99713.92
94;18.93;44.41;99713.33
95;18.91;44.49;99718.85
97;18.90;44.57;99719.04
98;18.88;44.65;99707.77
100;18.86;44.71;99705.31
101;18.85;44.77;99713.49
103;18.84;44.82;99714.50
105;18.82;44.86;99716.57
106;18.80;44.89;99711.44
108;18.79;44.95;99712.46
109;18.78;44.98;99715.32
111;18.74;45.03;99709.55
112;18.73;45.06;99716.71
114;18.72;45.11;99711.61
115;18.70;45.14;99713.65
117;18.68;45.19;99711.18
118;18.67;45.23;99720.17
120;18.66;45.28;99712.39
121;18.64;45.30;99717.91
123;18.61;45.34;99710.35
125;18.61;45.37;99715.66
126;18.60;45.41;99713.20
128;18.58;45.45;99715.22
129;18.57;45.44;99718.87
131;18.55;45.45;99719.07
132;18.55;45.46;99718.24
134;18.52;45.49;99714.16
135;18.52;45.53;99716.82
137;18.50;45.58;99710.88
138;18.48;45.61;99710.25
140;18.47;45.64;99708.60
141;18.47;45.66;99713.10
143;18.45;45.67;99712.46
145;18.43;45.72;99710.00
146;18.43;45.75;99709.17
148;18.41;45.78;99714.71
149;18.41;45.78;99711.24
151;18.39;45.82;99714.08
152;18.38;45.85;99713.27
154;18.36;45.89;99709.97
155;18.36;45.93;99717.13
157;18.36;45.95;99706.49
158;18.34;45.99;99713.83
160;18.32;46.02;99716.69
161;18.32;46.05;99713.24
163;18.31;46.09;99716.91
165;18.30;46.12;99710.77
166;18.29;46.17;99710.96
168;18.27;46.18;99707.67
169;18.27;46.24;99710.33
171;18.25;46.29;99701.72
172;18.24;46.32;99713.36
174;18.23;46.37;99709.07
175;18.21;46.39;99711.13
177;18.21;46.42;99713.78
178;18.20;46.47;99709.47
180;18.18;46.51;99703.53
181;18.17;46.54;99712.52
183;18.16;46.57;99706.38
185;18.16;46.60;99714.35
186;18.15;46.62;99711.89
188;18.14;46.65;99711.07
189;18.13;46.69;99720.05
191;18.12;46.74;99718.39
192;18.11;46.77;99715.96
194;18.10;46.84;99717.80
195;18.09;46.85;99715.33
197;18.08;46.88;99714.50
198;18.06;46.93;99713.05
200;18.07;46.96;99714.70
202;18.05;46.98;99714.07
203;18.03;47.03;99715.08
205;18.03;47.07;99711.60
206;18.02;47.10;99721.40
208;18.01;47.12;99717.10
209;18.00;47.16;99717.32
211;17.99;47.18;99716.50
212;17.98;47.21;99711.38
214;17.97;47.24;99721.17
215;17.96;47.27;99714.22
217;17.95;47.28;99720.54
218;17.94;47.34;99713.58
220;17.93;47.36;99719.91
222;17.93;47.40;99717.25
223;17.90;47.41;99717.66
225;17.90;47.43;99720.32
226;17.89;47.47;99718.67
228;17.88;47.51;99717.03
229;17.88;47.52;99724.17
231;17.87;47.54;99719.87
232;17.87;47.56;99723.35
234;17.86;47.58;99723.53
235;17.85;47.62;99728.03
237;17.84;47.64;99726.38
238;17.83;47.67;99735.36
240;17.82;47.69;99731.07
242;17.82;47.73;99733.71
243;17.81;47.73;99729.41
245;17.80;47.77;99725.14
246;17.80;47.80;99725.14
248;17.78;47.82;99724.50
249;17.78;47.84;99718.38
251;17.77;47.87;99722.86
252;17.76;47.89;99717.74
254;17.75;47.94;99708.95
255;17.74;47.96;99701.99
257;17.74;47.99;99709.14
258;17.73;48.01;99710.97
260;17.72;48.03;99709.32
262;17.72;48.07;99708.50
263;17.71;48.09;99712.99
265;17.70;48.11;99708.72
266;17.69;48.13;99707.07
268;17.69;48.17;99714.22
269;17.67;48.20;99714.41
271;17.67;48.20;99717.07
272;17.67;48.25;99711.75
274;17.65;48.27;99708.46
275;17.65;48.27;99713.77
277;17.64;48.29;99714.78
278;17.63;48.32;99711.30
280;17.63;48.36;99715.78
282;17.63;48.36;99726.41
283;17.62;48.38;99719.42
285;17.61;48.41;99710.63
286;17.61;48.42;99717.77
288;17.59;48.44;99714.52
289;17.59;48.48;99719.83
291;17.58;48.50;99723.49
292;17.58;48.52;99723.49
294;17.56;48.54;99720.20
295;17.56;48.57;99717.54
297;17.55;48.57;99710.58
299;17.54;48.61;99715.07
300;17.54;48.63;99716.90
302;17.53;48.66;99720.57
303;17.52;48.69;99722.40
305;17.51;48.71;99717.28
306;17.51;48.73;99715.44
308;17.50;48.75;99716.49
309;17.49;48.78;99721.98
311;17.49;48.81;99721.98
312;17.48;48.81;99722.99
314;17.48;48.85;99728.30
315;17.47;48.86;99716.03
317;17.46;48.89;99717.86
319;17.45;48.91;99720.71
320;17.45;48.92;99718.05
322;17.44;48.95;99722.53
323;17.44;48.95;99724.37
325;17.43;49.00;99725.38
326;17.43;48.99;99720.07
328;17.43;49.01;99720.07
329;17.42;49.04;99718.42
331;17.41;49.05;99717.60
332;17.40;49.06;99720.47
334;17.39;49.09;99716.99
336;17.38;49.10;99717.17
337;17.38;49.12;99714.52
339;17.37;49.15;99713.70
340;17.36;49.17;99714.71
342;17.36;49.18;99713.88
343;17.35;49.20;99715.71
345;17.35;49.22;99722.85
346;17.33;49.26;99715.08
348;17.33;49.28;99720.39
349;17.33;49.28;99727.52
351;17.30;49.31;99724.23
353;17.31;49.31;99727.71
354;17.31;49.35;99730.36
356;17.30;49.36;99724.23
357;17.30;49.36;99720.78
359;17.32;49.39;99728.53
360;17.29;49.39;99725.27
362;17.29;49.41;99727.92
363;17.28;49.42;99723.63
365;17.28;49.44;99726.28
366;17.27;49.47;99724.63
368;17.27;49.47;99721.15
369;17.26;49.50;99717.67
371;17.26;49.54;99722.16
373;17.25;49.54;99725.82
374;17.24;49.58;99718.86
376;17.23;49.60;99720.70
377;17.23;49.61;99714.57
379;17.22;49.64;99721.71
380;17.21;49.66;99728.02
382;17.21;49.67;99722.71
383;17.20;49.70;99718.41
385;17.19;49.72;99719.46
386;17.19;49.75;99727.41
388;17.19;49.77;99730.07
390;17.18;49.77;99722.28
391;17.17;49.81;99721.46
393;17.18;49.80;99722.28
394;17.17;49.82;99718.82
396;17.16;49.83;99716.35
397;17.16;49.87;99725.13
399;17.15;49.89;99717.35
400;17.15;49.90;99715.52
402;17.15;49.92;99715.52
403;17.13;49.94;99709.57
405;17.13;49.96;99720.19
406;17.12;49.96;99713.23
408;17.12;49.99;99715.88
410;17.11;50.00;99714.24
411;17.11;50.01;99716.07
413;17.09;50.06;99716.28
414;17.09;50.06;99718.94
416;17.09;50.08;99726.07
417;17.09;50.09;99723.42
419;17.08;50.11;99721.77
420;17.07;50.11;99726.25
422;17.07;50.12;99731.56
423;17.06;50.15;99719.30
425;17.06;50.15;99719.30
427;17.06;50.18;99719.30
428;17.04;50.17;99721.32
430;17.04;50.21;99723.97
431;17.04;50.22;99716.00
433;17.04;50.24;99715.19
434;17.03;50.26;99718.85
436;17.03;50.26;99716.19
437;17.01;50.28;99721.67
439;17.01;50.28;99715.55
440;17.01;50.28;99723.50
442;17.00;50.28;99719.24
444;16.99;50.31;99721.07
445;16.99;50.32;99718.42
447;16.98;50.35;99724.73
448;16.98;50.37;99716.77
450;16.98;50.39;99719.42
451;16.97;50.42;99720.42
453;16.96;50.42;99718.78
454;16.96;50.45;99721.43
456;16.96;50.46;99725.91
457;16.93;50.49;99719.97
459;16.93;50.52;99719.14
460;16.92;50.54;99718.32
462;16.92;50.56;99715.67
464;16.92;50.58;99713.02
465;16.92;50.60;99722.80
467;16.91;50.61;99723.81
468;16.91;50.60;99721.16
470;16.91;50.63;99729.11
471;16.90;50.65;99717.68
473;16.90;50.67;99719.50
474;16.88;50.68;99719.72
476;16.89;50.69;99723.20
477;16.89;50.70;99717.89
479;16.88;50.71;99727.67
481;16.88;50.71;99716.25
482;16.87;50.73;99717.25
484;16.87;50.75;99720.72
485;16.87;50.76;99719.90
487;16.87;50.78;99725.21
488;16.86;50.81;99720.91
490;16.86;50.81;99728.86
491;16.86;50.84;99721.74
493;16.85;50.85;99725.39
494;16.85;50.88;99725.39
496;16.85;50.88;99727.21
497;16.84;50.90;99725.57
499;16.83;50.93;99721.27
501;16.83;50.93;99726.57
502;16.83;50.97;99726.57
504;16.83;50.98;99723.92
505;16.81;51.00;99720.63
507;16.82;51.02;99724.92
508;16.81;51.01;99717.97
510;16.80;51.02;99725.11
511;16.80;51.03;99727.76
513;16.79;51.03;99722.67
514;16.80;51.06;99718.99
516;16.80;51.04;99729.59
518;16.77;51.02;99720.20
519;16.77;51.04;99725.50
521;16.77;51.07;99722.85
522;16.77;51.08;99716.72
524;16.77;51.10;99719.38
525;16.75;51.13;99716.90
527;16.75;51.15;99724.86
528;16.76;51.17;99718.55
530;16.75;51.19;99719.56
531;16.73;51.19;99718.91
533;16.75;51.19;99716.08
534;16.74;51.21;99720.57
536;16.73;51.21;99718.91
538;16.75;51.20;99716.08
539;16.74;51.22;99723.21
541;16.74;51.22;99727.69
542;16.73;51.23;99724.22
544;16.73;51.24;99723.39
545;16.73;51.25;99729.52
547;16.73;51.26;99728.69
548;16.72;51.30;99724.39
550;16.72;51.31;99719.10
551;16.71;51.31;99726.22
553;16.71;51.32;99728.05
555;16.71;51.33;99728.05
556;16.70;51.35;99729.05
558;16.69;51.35;99732.74
559;16.69;51.39;99736.19
561;16.69;51.38;99735.39
562;16.68;51.39;99731.10
564;16.68;51.40;99715.19
565;16.67;51.42;99716.19
567;16.66;51.44;99712.72
568;16.67;51.46;99713.54
570;16.65;51.47;99715.55
571;16.66;51.49;99714.55
573;16.65;51.51;99726.15
575;16.64;51.51;99720.03
576;16.64;51.53;99721.85
578;16.65;51.53;99728.80
579;16.64;51.55;99719.21
581;16.63;51.56;99726.33
582;16.64;51.56;99724.50
584;16.63;51.57;99722.86
585;16.63;51.58;99726.33
587;16.62;51.57;99729.99
588;16.61;51.59;99723.00
590;16.61;51.60;99725.66
592;16.61;51.64;99724.83
593;16.60;51.64;99725.84
595;16.60;51.64;99729.32
596;16.59;51.68;99722.36
598;16.59;51.68;99722.36
599;16.58;51.71;99726.05
601;16.58;51.72;99730.53
602;16.57;51.73;99727.05
604;16.57;51.75;99727.05
605;16.56;51.77;99720.10
607;16.56;51.78;99717.46
609;16.55;51.80;99718.46
610;16.55;51.82;99723.75
612;16.54;51.84;99720.28
613;16.54;51.84;99725.58
615;16.54;51.86;99730.89
616;16.54;51.88;99722.11
618;16.54;51.90;99727.41
619;16.53;51.92;99723.11
621;16.52;51.92;99724.94
622;16.52;51.92;99722.28
624;16.51;51.95;99719.82
625;16.50;51.96;99724.29
627;16.50;51.96;99724.29
629;16.50;51.96;99723.47
630;16.49;51.99;99720.00
632;16.49;52.01;99727.94
633;16.48;52.02;99723.67
635;16.49;52.03;99719.17
636;16.49;52.03;99720.00
638;16.48;52.05;99721.03
639;16.49;52.03;99727.94
641;16.49;52.05;99727.13
642;16.49;52.04;99729.77
644;16.48;52.07;99720.21
646;16.47;52.08;99729.99
647;16.48;52.09;99730.81
649;16.46;52.10;99723.03
650;16.46;52.11;99722.21
652;16.45;52.12;99721.39
653;16.46;52.16;99728.33
655;16.46;52.14;99727.51
656;16.44;52.14;99725.03
658;16.45;52.16;99731.99
659;16.45;52.15;99724.03
661;16.44;52.16;99726.86
662;16.44;52.20;99722.39
664;16.44;52.21;99729.52
666;16.43;52.20;99720.74
667;16.43;52.22;99722.57
669;16.42;52.22;99724.39
670;16.42;52.23;99724.39
672;16.42;52.25;99724.39
673;16.42;52.26;99715.62
675;16.42;52.27;99718.27
676;16.41;52.27;99717.45
678;16.40;52.29;99718.46
679;16.41;52.32;99727.22
681;16.40;52.30;99729.05
683;16.40;52.31;99720.28
684;16.39;52.33;99722.10
686;16.39;52.35;99719.46
687;16.38;52.35;99720.49
689;16.38;52.38;99723.14
690;16.38;52.39;99727.61
692;16.37;52.40;99718.84
693;16.37;52.42;99726.78
695;16.37;52.43;99729.44
696;16.37;52.42;99723.32
698;16.36;52.44;99730.44
700;16.36;52.45;99733.09
701;16.35;52.46;99726.14
703;16.36;52.45;99721.66
704;16.35;52.47;99720.02
706;16.35;52.48;99723.49
707;16.34;52.48;99716.55
709;16.35;52.49;99725.32
710;16.33;52.50;99717.55
712;16.34;52.52;99726.32
713;16.33;52.53;99720.20
715;16.33;52.56;99728.14
716;16.32;52.57;99726.50
718;16.33;52.59;99732.62
720;16.32;52.60;99733.62
721;16.32;52.62;99730.97
723;16.33;52.59;99727.32
724;16.34;52.55;99727.14
726;16.34;52.55;99721.02
0;23.76;35.06;71197.91
1;16.74;52.89;99679.97
3;16.73;52.69;99671.19
5;16.73;52.54;99675.67
6;16.73;52.49;99676.49
8;16.72;52.40;99671.37
9;16.71;52.35;99667.07
11;16.70;52.31;99670.72
12;16.70;52.27;99676.03
14;16.68;52.24;99670.94
15;16.68;52.22;99676.25
17;16.69;52.20;99669.11
18;16.68;52.21;99670.94
20;16.68;52.20;99672.77
21;16.67;52.19;99671.12
23;16.67;52.18;99665.82
25;16.66;52.20;99665.00
26;16.66;52.19;99666.82
28;16.66;52.21;99664.17
29;16.65;52.20;99671.30
31;16.66;52.22;99666.82
32;16.66;52.22;99672.13
34;16.64;52.23;99672.31
35;16.65;52.21;99675.78
37;16.64;52.23;99669.66
38;16.64;52.23;99669.66
40;16.64;52.22;99679.44
41;16.63;52.22;99678.61
43;16.63;52.22;99681.27
45;16.63;52.23;99680.44
46;16.61;52.23;99669.17
48;16.63;52.25;99675.14
49;16.62;52.24;99674.32
51;16.63;52.25;99672.49
52;16.61;52.25;99672.64
54;16.62;52.25;99671.67
55;16.61;52.27;99669.99
57;16.61;52.28;99671.82
58;16.60;52.26;99670.99
60;16.61;52.26;99663.86
62;16.61;52.28;99669.17
63;16.60;52.28;99670.99
65;16.60;52.28;99670.17
66;16.60;52.29;99675.47
68;16.60;52.29;99675.47
69;16.60;52.27;99673.64
71;16.60;52.28;99670.17
72;16.60;52.27;99667.52
74;16.60;52.28;99675.47
75;16.60;52.30;99670.17
77;16.59;52.29;99677.30
78;16.58;52.32;99667.74
80;16.59;52.32;99671.21
82;16.60;52.33;99670.17
83;16.58;52.32;99666.91
85;16.59;52.32;99672.00
86;16.59;52.34;99668.55
88;16.59;52.32;99671.21
89;16.59;52.33;99671.21
91;16.58;52.34;99666.91
92;16.58;52.35;99665.08
94;16.57;52.34;99663.43
95;16.58;52.36;99665.08
97;16.58;52.36;99672.21
99;16.58;52.35;99670.39
100;16.58;52.37;99678.33
102;16.58;52.39;99680.16
103;16.58;52.39;99682.82
105;16.58;52.38;99674.86
106;16.58;52.38;99680.99
108;16.56;52.39;99681.16
109;16.56;52.39;99675.04
111;16.56;52.41;99673.21
112;16.56;52.40;99670.57
114;16.58;52.41;99666.91
115;16.57;52.42;99674.03
117;16.56;52.41;99665.26
119;16.57;52.41;99666.08
120;16.58;52.43;99666.91
122;16.57;52.42;99676.69
123;16.56;52.43;99670.57
125;16.57;52.44;99674.03
126;16.55;52.42;99676.86
128;16.58;52.46;99685.46
129;16.56;52.45;99678.52
131;16.56;52.45;99678.52
132;16.56;52.46;99675.86
134;16.55;52.45;99668.92
136;16.55;52.46;99668.92
137;16.56;52.48;99672.39
139;16.55;52.47;99663.61
140;16.56;52.48;99669.74
142;16.55;52.47;99671.57
143;16.56;52.48;99675.86
145;16.56;52.49;99675.04
146;16.56;52.49;99678.52
148;16.55;52.48;99673.39
149;16.55;52.49;99668.92
151;16.55;52.51;99674.22
152;16.55;52.50;99674.22
154;16.55;52.47;99676.05
156;16.55;52.50;99676.86
157;16.56;52.50;99675.86
159;16.56;52.49;99675.04
160;16.56;52.49;99675.04
162;16.55;52.49;99679.52
163;16.55;52.48;99676.05
165;16.55;52.49;99676.05
166;16.54;52.49;99669.92
168;16.55;52.49;99673.39
169;16.54;52.48;99672.57
171;16.54;52.49;99669.92
173;16.54;52.49;99667.27
174;16.54;52.49;99672.57
176;16.55;52.48;99670.74
177;16.54;52.49;99661.97
179;16.54;52.50;99664.62
180;16.54;52.50;99667.27
182;16.55;52.50;99668.10
183;16.55;52.50;99662.79
185;16.55;52.51;99668.92
186;16.55;52.51;99670.74
188;16.55;52.51;99676.05
189;16.54;52.51;99675.22
191;16.54;52.51;99675.22
193;16.54;52.50;99672.57
194;16.53;52.51;99660.32
196;16.54;52.48;99661.97
197;16.53;52.49;99657.67
199;16.54;52.48;99659.32
200;16.54;52.47;99672.57
202;16.54;52.46;99669.10
203;16.54;52.46;99677.05
205;16.54;52.46;99680.52
206;16.54;52.47;99674.40
208;16.54;52.47;99669.92
210;16.53;52.49;99670.92
211;16.54;52.47;99669.10
213;16.53;52.48;99670.92
214;16.53;52.47;99670.92
216;16.54;52.47;99666.44
217;16.53;52.48;99667.45
219;16.53;52.49;99665.63
220;16.54;52.48;99671.75
222;16.53;52.49;99668.28
223;16.53;52.49;99668.28
225;16.54;52.47;99674.40
227;16.53;52.50;99670.92
228;16.54;52.49;99669.10
230;16.53;52.51;99670.92
231;16.54;52.49;99674.40
233;16.53;52.49;99670.10
234;16.53;52.51;99672.75
236;16.54;52.51;99679.71
237;16.53;52.51;99672.75
239;16.54;52.50;99669.10
240;16.53;52.50;99668.28
242;16.53;52.50;99673.57
243;16.53;52.51;99662.14
245;16.52;52.51;99669.28
247;16.52;52.52;99669.28
248;16.52;52.53;99671.92
250;16.53;52.54;99670.92
251;16.53;52.51;99668.28
253;16.52;52.53;99671.92
254;16.52;52.54;99674.58
256;16.52;52.55;99669.28
257;16.52;52.55;99677.23
259;16.53;52.54;99670.10
260;16.53;52.54;99676.22
262;16.53;52.56;99667.45
264;16.53;52.55;99668.28
265;16.52;52.56;99669.28
267;16.53;52.56;99670.10
268;16.53;52.54;99670.10
270;16.53;52.57;99664.80
271;16.52;52.55;99669.28
273;16.52;52.56;99661.33
274;16.52;52.56;99668.46
276;16.53;52.56;99672.75
277;16.52;52.57;99671.10
279;16.52;52.56;99669.28
280;16.52;52.57;99676.41
282;16.51;52.59;99675.58
284;16.52;52.58;99676.41
285;16.52;52.60;99674.58
287;16.52;52.60;99665.80
288;16.52;52.59;99671.92
290;16.53;52.59;99670.10
291;16.51;52.61;99672.93
293;16.52;52.61;99677.23
294;16.51;52.60;99670.28
296;16.52;52.63;99671.10
297;16.52;52.62;99674.58
299;16.52;52.61;99671.10
301;16.52;52.61;99679.88
302;16.52;52.62;99668.46
304;16.52;52.62;99673.75
305;16.52;52.61;99677.23
307;16.51;52.63;99670.28
308;16.52;52.63;99679.06
310;16.51;52.63;99675.58
311;16.52;52.62;99673.75
313;16.53;52.61;99678.05
314;16.52;52.62;99673.75
316;16.52;52.62;99673.75
317;16.51;52.62;99667.63
319;16.51;52.63;99667.63
321;16.51;52.64;99672.11
322;16.51;52.63;99672.93
324;16.51;52.63;99675.58
325;16.52;52.64;99673.75
327;16.52;52.64;99673.75
328;16.52;52.64;99671.10
330;16.51;52.64;99670.28
331;16.52;52.65;99671.10
333;16.51;52.65;99670.28
334;16.51;52.66;99675.58
336;16.52;52.65;99673.75
338;16.52;52.67;99674.58
339;16.52;52.67;99671.10
341;16.51;52.67;99675.58
342;16.51;52.66;99670.28
344;16.51;52.68;99670.28
345;16.52;52.69;99673.75
347;16.51;52.67;99674.75
348;16.50;52.67;99671.28
350;16.51;52.67;99672.93
351;16.51;52.67;99672.93
353;16.51;52.67;99674.75
354;16.51;52.68;99674.75
356;16.51;52.68;99672.11
358;16.50;52.67;99671.28
359;16.50;52.69;99676.58
361;16.51;52.69;99670.28
362;16.51;52.69;99670.28
364;16.51;52.70;99666.81
365;16.51;52.70;99674.75
367;16.51;52.71;99677.41
368;16.51;52.69;99672.11
370;16.51;52.70;99675.58
371;16.52;52.69;99673.75
373;16.52;52.69;99681.71
375;16.52;52.69;99676.41
376;16.52;52.68;99668.46
378;16.51;52.69;99672.93
379;16.51;52.70;99669.46
381;16.51;52.69;99675.58
382;16.50;52.72;99676.58
384;16.51;52.71;99678.24
385;16.51;52.70;99678.24
387;16.51;52.70;99677.41
388;16.51;52.71;99672.93
390;16.51;52.71;99674.75
392;16.51;52.73;99672.11
393;16.51;52.71;99675.58
395;16.51;52.72;99677.41
396;16.51;52.72;99674.75
398;16.50;52.73;99671.28
399;16.50;52.72;99671.28
401;16.51;52.72;99674.75
402;16.51;52.70;99670.28
404;16.51;52.72;99669.46
405;16.52;52.74;99677.23
407;16.52;52.73;99673.75
408;16.51;52.72;99672.11
410;16.51;52.72;99678.24
412;16.51;52.72;99680.88
413;16.50;52.71;99684.53
415;16.51;52.70;99672.11
416;16.51;52.72;99678.24
418;16.51;52.73;99672.93
419;16.52;52.73;99676.41
421;16.52;52.72;99676.41
422;16.51;52.74;99670.28
424;16.52;52.72;99673.75
425;16.50;52.74;99671.28
427;16.50;52.74;99676.58
429;16.50;52.75;99673.94
430;16.51;52.72;99674.75
432;16.50;52.74;99673.94
433;16.51;52.73;99677.41
435;16.51;52.73;99677.41
436;16.51;52.72;99672.93
438;16.51;52.73;99674.75
439;16.51;52.75;99672.93
441;16.51;52.73;99678.24
442;16.52;52.73;99679.06
444;16.51;52.73;99682.71
445;16.51;52.74;99680.07
447;16.52;52.73;99679.06
449;16.51;52.73;99680.88
450;16.51;52.73;99680.88
452;16.50;52.74;99681.89
453;16.51;52.73;99674.75
455;16.51;52.72;99680.07
456;16.51;52.73;99675.58
458;16.51;52.73;99672.11
459;16.50;52.74;99673.94
461;16.51;52.73;99672.93
462;16.50;52.74;99671.28
464;16.52;52.74;99673.75
466;16.51;52.75;99672.93
467;16.51;52.75;99677.41
469;16.51;52.75;99680.88
470;16.51;52.74;99672.93
472;16.52;52.73;99681.71
473;16.50;52.74;99681.07
475;16.50;52.74;99679.24
476;16.51;52.75;99683.53
478;16.51;52.76;99675.58
479;16.51;52.75;99678.24
481;16.51;52.75;99678.24
482;16.51;52.75;99675.58
484;16.50;52.76;99671.28
486;16.51;52.74;99677.41
487;16.51;52.75;99672.93
489;16.51;52.75;99670.28
490;16.51;52.74;99677.41
492;16.51;52.74;99677.41
493;16.51;52.76;99672.93
495;16.51;52.75;99675.58
496;16.51;52.75;99675.58
498;16.51;52.76;99677.41
499;16.51;52.76;99678.24
501;16.51;52.75;99680.88
503;16.51;52.76;99677.41
504;16.51;52.73;99678.24
506;16.50;52.74;99681.89
507;16.51;52.73;99682.71
509;16.51;52.73;99677.41
510;16.50;52.73;99676.58
512;16.51;52.72;99672.11
513;16.50;52.72;99671.28
515;16.51;52.73;99677.41
516;16.50;52.74;99673.94
518;16.50;52.74;99673.94
519;16.51;52.73;99672.11
521;16.51;52.74;99670.28
523;16.51;52.74;99672.11
524;16.50;52.74;99673.94
526;16.51;52.75;99674.75
527;16.49;52.74;99674.94
529;16.50;52.73;99681.89
530;16.51;52.72;99680.07
532;16.50;52.72;99675.76
533;16.51;52.72;99678.24
535;16.51;52.71;99672.11
536;16.49;52.72;99666.99
538;16.50;52.72;99673.94
540;16.51;52.72;99672.11
541;16.50;52.72;99673.11
543;16.51;52.72;99674.75
544;16.51;52.73;99672.93
546;16.51;52.73;99674.75
547;16.51;52.72;99672.11
549;16.51;52.71;99675.58
550;16.51;52.71;99677.41
552;16.51;52.71;99677.41
553;16.51;52.71;99672.11
555;16.50;52.71;99671.28
557;16.51;52.72;99674.75
558;16.50;52.71;99671.28
560;16.52;52.70;99676.41
561;16.50;52.71;99675.76
563;16.51;52.70;99674.75
564;16.50;52.70;99673.94
566;16.51;52.70;99677.41
567;16.51;52.71;99674.75
569;16.51;52.71;99675.58
570;16.50;52.69;99673.94
572;16.50;52.70;99679.24
573;16.50;52.70;99684.53
575;16.50;52.71;99681.07
577;16.51;52.69;99685.36
578;16.50;52.71;99684.53
580;16.50;52.72;99679.24
581;16.51;52.72;99674.75
583;16.51;52.71;99680.07
584;16.50;52.74;99676.58
586;16.50;52.72;99679.24
587;16.51;52.71;99680.07
589;16.49;52.73;99677.59
590;16.50;52.73;99683.71
592;16.49;52.72;99677.59
594;16.50;52.74;99676.58
595;16.50;52.74;99670.46
597;16.51;52.75;99677.41
598;16.50;52.72;99681.89
600;16.50;52.75;99679.24
601;16.50;52.73;99681.07
603;16.49;52.74;99674.94
604;16.50;52.74;99681.89
606;16.50;52.74;99675.76
607;16.50;52.73;99681.89
609;16.50;52.74;99681.89
611;16.51;52.75;99682.71
612;16.50;52.73;99678.41
614;16.50;52.74;99681.07
615;16.50;52.75;99676.58
617;16.51;52.75;99674.75
618;16.50;52.74;99670.46
620;16.50;52.75;99673.94
621;16.50;52.73;99681.89
623;16.50;52.74;99684.53
624;16.50;52.74;99684.53
626;16.50;52.75;99675.76
627;16.50;52.74;99675.76
629;16.50;52.75;99675.76
631;16.50;52.75;99679.24
632;16.51;52.75;99674.75
634;16.50;52.73;99681.89
635;16.51;52.73;99680.07
637;16.50;52.73;99678.41
638;16.50;52.73;99675.76
640;16.50;52.72;99673.11
641;16.50;52.72;99675.76
643;16.50;52.70;99679.24
644;16.50;52.70;99673.11
646;16.49;52.71;99677.59
648;16.49;52.71;99682.89
649;16.50;52.70;99681.07
651;16.51;52.69;99682.71
652;16.50;52.68;99684.53
654;16.50;52.69;99681.07
655;16.50;52.69;99678.41
657;16.50;52.71;99676.58
658;16.50;52.69;99675.76
660;16.49;52.70;99674.94
661;16.49;52.70;99682.89
663;16.50;52.69;99687.19
664;16.50;52.69;99679.24
666;16.50;52.70;99679.24
668;16.50;52.69;99681.89
669;16.50;52.69;99678.41
671;16.50;52.70;99670.46
672;16.50;52.70;99673.11
674;16.49;52.71;99677.59
675;16.50;52.70;99671.28
677;16.50;52.68;99673.11
678;16.49;52.70;99666.16
680;16.48;52.70;99673.32
681;16.50;52.70;99671.28
683;16.49;52.69;99672.28
685;16.50;52.70;99676.58
686;16.50;52.70;99675.76
688;16.49;52.70;99674.94
689;16.50;52.69;99673.11
691;16.50;52.69;99673.94
692;16.49;52.70;99669.64
694;16.51;52.70;99670.28
695;16.50;52.68;99671.28
697;16.51;52.67;99677.41
698;16.50;52.66;99673.94
700;16.49;52.66;99672.28
701;16.50;52.66;99675.76
703;16.50;52.65;99681.89
705;16.50;52.67;99681.07
706;16.49;52.67;99680.24
708;16.50;52.66;99681.89
709;16.51;52.69;99678.24
711;16.50;52.68;99675.76
712;16.50;52.67;99675.76
714;16.50;52.67;99679.24
715;16.50;52.69;99676.58
717;16.50;52.69;99676.58
718;16.50;52.67;99679.24
720;16.50;52.68;99679.24
722;16.49;52.68;99679.41
723;16.51;52.67;99682.71
725;16.49;52.68;99677.59
726;16.51;52.67;99680.07
728;16.49;52.67;99674.94
729;16.49;52.66;99669.64
731;16.50;52.69;99673.11
732;16.49;52.68;99674.94
734;16.49;52.70;99677.59
735;16.50;52.70;99681.89
737;16.50;52.71;99681.07
738;16.50;52.70;99689.02
740;16.51;52.69;99688.01
742;16.50;52.70;99686.36
743;16.50;52.70;99679.24
745;16.50;52.70;99681.89
746;16.50;52.71;99676.58
748;16.50;52.71;99676.58
749;16.50;52.69;99668.64
751;16.50;52.71;99671.28
752;16.50;52.73;99671.28
754;16.50;52.72;99679.24
755;16.50;52.72;99673.94
757;16.51;52.73;99682.71
759;16.51;52.73;99677.41
760;16.50;52.71;99678.41
762;16.49;52.72;99674.94
763;16.49;52.72;99682.89
765;16.50;52.73;99681.07
766;16.51;52.73;99677.41
768;16.50;52.72;99679.24
769;16.49;52.73;99674.11
771;16.50;52.72;99683.71
772;16.50;52.71;99678.41
774;16.50;52.71;99684.53
776;16.50;52.69;99679.24
777;16.50;52.71;99671.28
779;16.50;52.70;99670.46
780;16.50;52.69;99671.28
782;16.50;52.70;99676.58
783;16.50;52.70;99679.24
785;16.50;52.72;99681.89
786;16.50;52.71;99673.94
788;16.51;52.72;99686.18
789;16.50;52.72;99675.76
791;16.50;52.72;99678.41
793;16.51;52.74;99682.71
794;16.50;52.73;99679.24
796;16.50;52.73;99676.58
797;16.50;52.74;99675.76
799;16.50;52.75;99678.41
800;16.49;52.73;99680.24
802;16.50;52.74;99684.53
803;16.50;52.73;99679.24
805;16.50;52.74;99679.24
806;16.50;52.75;99681.07
808;16.50;52.74;99681.89
809;16.51;52.75;99677.41
811;16.51;52.74;99682.71
813;16.50;52.74;99681.89
814;16.50;52.73;99673.94
816;16.51;52.74;99680.07
817;16.50;52.74;99684.53
819;16.50;52.72;99676.58
820;16.50;52.74;99681.07
822;16.51;52.72;99688.01
823;16.51;52.73;99677.41
825;16.49;52.72;99672.28
826;16.51;52.73;99680.07
828;16.50;52.71;99681.89
830;16.50;52.71;99681.89
831;16.51;52.72;99682.71
833;16.50;52.71;99679.24
834;16.50;52.72;99681.89
836;16.49;52.70;99674.94
837;16.51;52.70;99674.75
839;16.50;52.71;99673.94
840;16.51;52.70;99680.07
842;16.51;52.70;99682.71
843;16.50;52.70;99676.58
845;16.51;52.69;99682.71
847;16.50;52.71;99687.19
848;16.50;52.71;99689.83
850;16.51;52.71;99683.53
851;16.50;52.70;99681.89
853;16.49;52.71;99680.24
854;16.51;52.69;99677.41
856;16.50;52.71;99676.58
857;16.50;52.70;99671.28
859;16.50;52.68;99676.58
860;16.50;52.69;99675.76
862;16.51;52.68;99682.71
863;16.50;52.69;99673.94
865;16.50;52.69;99683.71
867;16.51;52.67;99680.07
868;16.50;52.67;99676.58
870;16.49;52.66;99674.94
871;16.50;52.66;99687.19
873;16.50;52.66;99681.89
874;16.50;52.67;99681.07
876;16.50;52.67;99679.24
877;16.50;52.66;99679.24
879;16.50;52.68;99681.07
880;16.50;52.69;99684.53
882;16.50;52.67;99684.53
884;16.51;52.69;99675.58
885;16.50;52.69;99684.53
887;16.49;52.70;99680.24
888;16.50;52.67;99681.89
890;16.49;52.70;99680.24
891;16.51;52.69;99680.88
893;16.51;52.68;99682.71
894;16.51;52.70;99674.75
896;16.51;52.71;99680.07
897;16.50;52.68;99679.24
899;16.51;52.70;99682.71
900;16.50;52.70;99681.89
902;16.50;52.70;99681.89
904;16.49;52.71;99677.59
905;16.50;52.71;99676.58
907;16.51;52.72;99682.71
908;16.51;52.72;99677.41
910;16.50;52.72;99673.94
911;16.51;52.73;99680.07
913;16.51;52.73;99677.41
914;16.50;52.74;99679.24
916;16.50;52.74;99681.89
917;16.50;52.72;99679.24
919;16.50;52.73;99675.76
921;16.51;52.73;99682.71
922;16.50;52.73;99676.58
924;16.51;52.72;99680.07
925;16.50;52.73;99681.07
927;16.51;52.72;99685.36
928;16.51;52.73;99680.07
930;16.50;52.73;99684.53
931;16.51;52.72;99682.71
933;16.50;52.74;99684.53
934;16.50;52.73;99681.89
936;16.51;52.73;99680.07
937;16.50;52.72;99687.19
939;16.50;52.74;99687.19
941;16.50;52.73;99681.89
942;16.50;52.72;99681.07
944;16.50;52.74;99684.53
945;16.51;52.75;99685.36
947;16.51;52.73;99688.01
948;16.50;52.75;99687.19
950;16.51;52.74;99688.01
951;16.50;52.75;99681.89
953;16.50;52.76;99684.53
954;16.50;52.74;99676.58
956;16.51;52.74;99677.41
958;16.50;52.74;99676.58
959;16.50;52.75;99678.41
961;16.50;52.74;99675.76
962;16.50;52.74;99675.76
964;16.50;52.76;99681.89
965;16.50;52.77;99681.89
967;16.51;52.77;99685.36
968;16.50;52.76;99689.83
970;16.51;52.76;99693.32
971;16.51;52.77;99691.49
973;16.50;52.76;99687.19
974;16.51;52.77;99682.71
976;16.50;52.77;99687.19
978;16.51;52.76;99688.83
979;16.51;52.77;99680.88
981;16.51;52.75;99683.53
982;16.50;52.77;99678.41
984;16.51;52.77;99682.71
985;16.51;52.75;99685.36
987;16.51;52.77;99688.01
988;16.51;52.77;99685.36
990;16.51;52.77;99683.53
991;16.51;52.78;99688.01
993;16.52;52.78;99685.17
995;16.51;52.77;99682.71
996;16.51;52.77;99685.36
998;16.50;52.77;99676.58
999;16.50;52.76;99681.89
1001;16.50;52.77;99684.53
1002;16.51;52.76;99685.36
1004;16.50;52.77;99679.24
1005;16.51;52.76;99683.53
1007;16.50;52.77;99684.53
1008;16.52;52.76;99689.66
1010;16.50;52.78;99681.89
1012;16.51;52.78;99680.07
1013;16.51;52.76;99685.36
1015;16.51;52.76;99682.71
1016;16.50;52.77;99676.58
1018;16.51;52.76;99682.71
1019;16.51;52.77;99680.88
1021;16.50;52.77;99679.24
1022;16.51;52.78;99678.24
1024;16.51;52.77;99678.24
1025;16.51;52.79;99677.41
1027;16.51;52.77;99680.88
1028;16.50;52.77;99684.53
1030;16.51;52.77;99682.71
1032;16.51;52.77;99683.53
1033;16.51;52.77;99677.41
1035;16.50;52.77;99676.58
1036;16.51;52.79;99683.53
1038;16.51;52.78;99678.24
1039;16.52;52.76;99687.00
1041;16.52;52.78;99684.36
1042;16.51;52.77;99683.53
1044;16.50;52.77;99681.89
1045;16.50;52.77;99679.24
1047;16.50;52.77;99676.58
1049;16.50;52.78;99679.24
1050;16.51;52.79;99680.07
1052;16.51;52.78;99677.41
1053;16.51;52.78;99677.41
1055;16.50;52.77;99679.24
1056;16.51;52.76;99680.88
1058;16.51;52.75;99682.71
1059;16.50;52.76;99687.19
1061;16.51;52.77;99680.88
1062;16.51;52.76;99683.53
1064;16.51;52.78;99678.24
1066;16.50;52.77;99676.58
1067;16.51;52.78;99674.75
1069;16.51;52.78;99682.71
1070;16.52;52.77;99684.36
1072;16.51;52.77;99680.07
1073;16.51;52.78;99682.71
1075;16.50;52.77;99684.53
1076;16.51;52.77;99680.07
1078;16.50;52.79;99681.89
1079;16.51;52.76;99686.18
1081;16.50;52.78;99684.53
1082;16.51;52.78;99685.36
1084;16.50;52.77;99686.36
1086;16.50;52.77;99684.53
1087;16.51;52.78;99683.53
1089;16.51;52.77;99685.36
1090;16.51;52.79;99686.18
1092;16.51;52.79;99685.36
1093;16.50;52.79;99687.19
1095;16.50;52.79;99687.19
1096;16.51;52.77;99690.66
1098;16.51;52.78;99688.01
1099;16.50;52.76;99684.53
1101;16.50;52.78;99684.53
1103;16.50;52.78;99681.89
1104;16.51;52.78;99683.53
1106;16.52;52.77;99685.17
1107;16.51;52.79;99688.83
1109;16.51;52.77;99682.71
1110;16.50;52.78;99681.89
1112;16.50;52.77;99684.53
1113;16.51;52.76;99677.41
1115;16.51;52.76;99680.07
1116;16.51;52.76;99674.75
1118;16.51;52.78;99675.58
1120;16.51;52.78;99680.88
1121;16.51;52.77;99677.41
1123;16.50;52.78;99684.53
1124;16.51;52.77;99680.07
1126;16.50;52.78;99681.89
1127;16.51;52.77;99680.07
1129;16.51;52.77;99683.53
1130;16.51;52.76;99680.88
1132;16.51;52.76;99685.36
1133;16.51;52.77;99680.07
1135;16.52;52.76;99684.36
0;23.76;35.06;71197.91
1;17.10;53.93;99694.02
3;17.13;53.86;99684.88
5;17.15;53.86;99681.03
6;17.18;53.83;99675.35
8;17.21;53.77;99680.25
9;17.25;53.66;99686.02
11;17.26;53.60;99685.01
12;17.28;53.55;99681.16
14;17.30;53.51;99686.28
15;17.32;53.45;99686.07
17;17.34;53.41;99690.18
18;17.37;53.38;99688.99
20;17.39;53.31;99679.83
21;17.42;53.29;99686.57
23;17.45;53.23;99689.67
25;17.46;53.19;99690.50
26;17.50;53.18;99684.63
28;17.52;53.14;99684.41
29;17.55;53.11;99686.69
31;17.56;53.05;99689.16
32;17.58;53.02;99691.63
34;17.62;52.91;99693.72
35;17.64;52.82;99697.02
37;17.68;52.74;99688.67
38;17.69;52.68;99687.66
40;17.71;52.60;99685.64
42;17.72;52.57;99695.22
43;17.74;52.56;99695.86
45;17.74;52.49;99691.36
46;17.79;52.32;99693.46
48;17.79;52.25;99696.94
49;17.80;52.16;99689.80
51;17.85;52.00;99692.67
52;17.88;51.94;99686.99
54;17.89;51.83;99689.46
55;17.93;51.67;99689.87
57;17.95;51.54;99693.16
58;17.99;51.41;99684.62
60;18.02;51.33;99688.70
62;18.04;51.28;99689.33
63;18.07;51.27;99696.10
65;18.09;51.22;99691.42
66;18.11;51.02;99690.21
68;18.14;50.94;99683.66
69;18.16;50.92;99678.99
71;18.18;50.86;99679.61
72;18.18;50.77;99675.12
74;18.21;50.73;99681.89
75;18.22;50.67;99680.88
77;18.24;50.63;99678.82
78;18.26;50.56;99679.45
80;18.27;50.52;99678.44
82;18.29;50.46;99676.41
83;18.30;50.41;99686.85
85;18.32;50.40;99681.34
86;18.33;50.36;99678.46
88;18.36;50.29;99685.22
89;18.38;50.29;99685.86
91;18.38;50.31;99684.02
92;18.42;50.29;99680.97
94;18.43;50.26;99682.59
95;18.45;50.22;99684.03
97;18.47;50.13;99679.35
99;18.49;50.05;99682.64
100;18.52;50.01;99678.77
102;18.54;50.02;99682.03
103;18.56;49.98;99685.32
105;18.58;49.98;99684.14
106;18.60;49.93;99691.92
108;18.62;50.00;99690.71
109;18.64;49.92;99685.99
111;18.66;49.94;99686.62
112;18.69;49.83;99696.87
114;18.70;49.82;99684.39
115;18.74;49.85;99693.60
117;18.75;49.87;99684.60
119;18.77;49.85;99687.07
120;18.79;49.81;99687.69
122;18.81;49.76;99685.66
123;18.83;49.71;99688.94
125;18.84;49.65;99686.06
126;18.86;49.55;99686.68
128;18.88;49.45;99683.83
129;18.91;49.30;99683.44
131;18.92;49.14;99685.90
132;18.95;49.10;99688.14
134;18.96;49.06;99688.96
136;18.97;48.99;99688.77
137;19.00;48.92;99692.88
139;19.01;48.88;99686.53
140;19.02;48.87;99689.00
142;19.05;48.84;99685.91
143;19.07;48.81;99691.04
145;19.08;48.78;99688.18
146;19.10;48.58;99693.31
148;19.13;48.58;99681.45
149;19.13;48.60;99685.72
151;19.15;48.50;99688.18
152;19.18;48.39;99684.30
154;19.19;48.36;99692.10
156;19.22;48.33;99690.88
157;19.24;48.29;99688.81
159;19.25;48.18;99685.13
160;19.28;48.11;99676.75
162;19.29;48.08;99684.53
163;19.31;48.02;99685.16
165;19.33;47.96;99682.30
166;19.35;47.91;99683.71
168;19.36;47.86;99685.35
169;19.40;47.73;99680.45
171;19.41;47.70;99682.91
173;19.43;47.74;99685.38
174;19.44;47.81;99685.14
176;19.45;47.77;99686.78
177;19.48;47.69;99688.27
179;19.49;47.65;99689.91
180;19.51;47.59;99681.72
182;19.52;47.54;99681.52
183;19.53;47.50;99685.00
185;19.56;47.42;99689.89
186;19.57;47.38;99688.88
188;19.60;47.26;99691.14
190;19.61;47.20;99682.95
191;19.63;47.12;99686.24
193;19.65;47.01;99680.67
194;19.67;46.90;99679.46
196;19.69;46.84;99687.25
197;19.70;46.82;99689.71
199;19.71;46.82;99691.35
200;19.73;46.78;99694.63
202;19.75;46.72;99694.40
203;19.76;46.73;99688.05
205;19.77;46.71;99693.17
206;19.79;46.62;99687.64
208;19.80;46.57;99689.28
210;19.82;46.52;99693.39
211;19.83;46.45;99688.89
213;19.84;46.35;99685.20
214;19.87;46.27;99687.42
216;19.89;46.27;99684.56
217;19.89;46.29;99682.72
219;19.90;46.20;99687.02
220;19.93;46.16;99685.80
222;19.94;46.08;99682.92
223;19.95;46.08;99684.54
225;19.97;46.11;99685.16
227;19.98;46.14;99688.64
228;20.00;46.04;99689.27
230;20.01;46.00;99691.72
231;20.02;46.03;99689.88
233;20.04;46.08;99685.99
234;20.05;46.05;99681.48
236;20.06;46.02;99678.58
237;20.08;45.97;99681.86
239;20.09;45.83;99694.17
240;20.10;45.77;99687.82
242;20.12;45.72;99696.42
243;20.14;45.73;99685.56
245;20.15;45.74;99684.53
247;20.16;45.70;99681.63
248;20.18;45.62;99684.10
250;20.20;45.50;99682.86
251;20.20;45.40;99685.53
253;20.21;45.36;99681.02
254;20.24;45.47;99685.94
256;20.25;45.47;99689.42
257;20.26;45.41;99689.19
259;20.26;45.39;99683.86
260;20.29;45.33;99683.46
262;20.30;45.21;99685.10
264;20.31;45.14;99685.91
265;20.33;45.11;99687.35
267;20.34;45.05;99689.00
268;20.36;45.07;99688.78
270;20.37;45.03;99688.58
271;20.36;44.97;99686.94
273;20.39;44.88;99688.38
274;20.40;44.90;99687.35
276;20.41;44.91;99683.66
277;20.43;44.90;99689.60
279;20.43;44.90;99684.27
280;20.44;44.89;99684.07
282;20.46;44.89;99683.83
284;20.47;44.85;99688.96
285;20.48;44.86;99681.78
287;20.49;44.86;99688.75
288;20.50;44.87;99688.55
290;20.52;44.81;99683.82
291;20.53;44.70;99687.32
293;20.55;44.69;99683.41
294;20.56;44.68;99690.35
296;20.57;44.65;99689.33
297;20.60;44.60;99687.28
299;20.60;44.57;99685.42
301;20.62;44.47;99690.56
302;20.63;44.36;99690.35
304;20.64;44.35;99685.83
305;20.64;44.41;99678.65
307;20.65;44.43;99682.96
308;20.66;44.42;99687.24
310;20.68;44.40;99681.69
311;20.68;44.39;99685.18
313;20.69;44.36;99678.82
314;20.70;44.35;99685.80
316;20.72;44.30;99689.08
318;20.73;44.17;99685.38
319;20.74;44.16;99680.86
321;20.74;44.11;99684.35
322;20.76;44.02;99686.82
324;20.77;43.96;99685.75
325;20.78;43.89;99690.07
327;20.79;43.83;99686.36
328;20.80;43.80;99690.67
330;20.80;43.79;99688.83
331;20.81;43.85;99693.14
333;20.82;43.80;99688.62
334;20.83;43.78;99691.08
336;20.86;43.73;99692.52
338;20.86;43.75;99693.33
339;20.87;43.71;99686.93
341;20.88;43.66;99687.75
342;20.88;43.65;99688.57
344;20.89;43.59;99690.21
345;20.91;43.55;99690.83
347;20.93;43.54;99690.61
348;20.93;43.53;99688.77
350;20.94;43.50;99692.26
351;20.94;43.42;99693.08
353;20.95;43.42;99688.56
355;20.96;43.38;99690.20
356;20.98;43.32;99689.96
358;20.98;43.33;99688.11
359;21.00;43.27;99690.57
361;21.00;43.30;99693.24
362;21.00;43.27;99690.57
364;21.01;43.25;99684.20
365;21.02;43.23;99692.00
367;21.03;43.20;99690.97
368;21.03;43.15;99687.49
370;21.05;43.08;99688.09
371;21.06;43.10;99692.40
373;21.07;43.07;99691.37
375;21.07;43.07;99691.37
376;21.08;43.11;99691.13
378;21.09;43.08;99692.77
379;21.10;43.08;99693.59
381;21.11;43.08;99696.05
382;21.11;43.00;99688.04
384;21.13;42.98;99693.99
385;21.14;42.94;99695.63
387;21.15;42.87;99704.46
388;21.16;42.87;99690.08
390;21.17;42.82;99689.05
392;21.19;42.83;99693.15
393;21.20;42.77;99691.30
395;21.20;42.74;99696.64
396;21.21;42.70;99692.94
398;21.22;42.73;99694.58
399;21.22;42.74;99694.58
401;21.24;42.73;99698.68
402;21.24;42.69;99688.00
404;21.24;42.65;99690.67
405;21.27;42.62;99686.75
407;21.26;42.56;99685.94
408;21.27;42.49;99684.88
410;21.28;42.56;99680.35
412;21.29;42.60;99692.67
413;21.30;42.56;99688.97
415;21.31;42.60;99685.27
416;21.32;42.55;99694.10
418;21.33;42.52;99693.07
419;21.33;42.43;99693.89
421;21.34;42.38;99692.86
422;21.35;42.40;99697.17
424;21.36;42.38;99696.14
425;21.37;42.35;99697.78
427;21.39;42.35;99702.88
429;21.39;42.25;99694.86
430;21.40;42.24;99701.85
432;21.40;42.24;99697.32
433;21.42;42.21;99694.44
435;21.43;42.27;99696.08
436;21.43;42.27;99690.74
438;21.42;42.23;99689.92
439;21.44;42.18;99687.03
441;21.44;42.12;99687.86
442;21.46;42.15;99690.32
444;21.45;42.11;99681.48
446;21.47;42.10;99683.94
447;21.47;42.10;99684.76
449;21.48;42.10;99686.36
450;21.49;42.17;99684.52
452;21.49;42.07;99685.33
453;21.50;42.02;99686.97
455;21.51;41.99;99695.81
456;21.51;41.96;99688.61
458;21.51;41.94;99685.94
459;21.53;41.96;99691.89
461;21.53;42.01;99691.89
462;21.54;41.96;99688.19
464;21.56;41.90;99690.64
466;21.56;41.89;99687.97
467;21.56;41.84;99693.32
469;21.56;41.84;99696.82
470;21.57;41.84;99695.78
472;21.58;41.72;99693.89
473;21.58;41.68;99694.71
475;21.60;41.77;99697.17
476;21.60;41.80;99692.64
478;21.60;41.74;99697.99
479;21.61;41.69;99693.47
481;21.62;41.66;99689.77
483;21.63;41.65;99692.22
484;21.64;41.59;99688.52
486;21.64;41.55;99693.04
487;21.64;41.56;99691.19
489;21.65;41.60;99694.67
490;21.66;41.59;99693.64
492;21.66;41.56;99691.80
493;21.68;41.64;99690.76
495;21.68;41.63;99692.36
496;21.70;41.54;99685.99
498;21.69;41.57;99687.85
499;21.70;41.52;99685.99
501;21.70;41.53;99689.48
503;21.72;41.47;99694.61
504;21.72;41.42;99690.08
506;21.72;41.44;99686.60
507;21.74;41.49;99687.20
509;21.74;41.45;99692.55
510;21.75;41.29;99691.52
512;21.75;41.29;99688.84
513;21.75;41.30;99686.17
515;21.76;41.36;99685.13
516;21.76;41.33;99696.64
518;21.77;41.29;99692.11
520;21.77;41.31;99692.11
521;21.78;41.34;99689.20
523;21.79;41.33;99684.67
524;21.78;41.29;99696.43
526;21.79;41.25;99690.02
527;21.80;41.28;99697.00
529;21.81;41.30;99695.97
530;21.81;41.30;99693.30
532;21.81;41.22;99694.11
533;21.82;41.19;99698.42
535;21.83;41.22;99691.22
537;21.84;41.22;99692.86
538;21.85;41.26;99697.17
540;21.85;41.24;99683.82
541;21.85;41.20;99689.16
543;21.86;41.13;99693.47
544;21.86;41.14;99688.94
546;21.87;41.07;99690.58
547;21.87;41.00;99698.60
549;21.89;40.95;99703.71
550;21.90;40.91;99700.00
552;21.90;40.93;99700.00
553;21.90;40.90;99700.00
555;21.90;40.90;99689.30
557;21.90;40.91;99690.13
558;21.92;40.92;99693.40
560;21.92;40.90;99692.58
561;21.92;40.86;99695.25
563;21.93;40.85;99696.89
564;21.93;40.86;99699.57
566;21.95;40.86;99700.17
567;21.94;40.87;99694.00
569;21.95;40.84;99692.15
570;21.94;40.85;99702.02
572;21.96;40.83;99699.96
574;21.97;40.82;99703.44
575;21.97;40.82;99700.77
577;21.96;40.75;99699.14
578;21.98;40.76;99702.45
580;21.98;40.74;99697.89
581;22.00;40.76;99705.69
583;22.00;40.73;99703.02
584;22.00;40.72;99695.00
586;22.01;40.75;99699.32
587;22.01;40.69;99701.99
589;22.01;40.67;99691.28
590;22.02;40.67;99690.25
592;22.02;40.74;99695.60
594;22.02;40.75;99701.77
595;22.03;40.80;99702.59
597;22.03;40.82;99697.24
598;22.03;40.79;99703.41
600;22.05;40.77;99699.70
601;22.05;40.73;99699.70
603;22.05;40.65;99691.67
604;22.06;40.62;99687.96
606;22.06;40.59;99690.64
607;22.07;40.58;99690.42
609;22.07;40.56;99690.42
611;22.07;40.54;99693.10
612;22.08;40.53;99685.89
614;22.08;40.51;99688.57
615;22.07;40.58;99693.10
617;22.09;40.62;99687.53
618;22.08;40.60;99692.07
620;22.08;40.60;99692.07
621;22.10;40.60;99694.49
623;22.10;40.60;99694.49
624;22.10;40.61;99699.83
626;22.10;40.61;99687.28
628;22.11;40.62;99691.60
629;22.11;40.52;99694.27
631;22.11;40.49;99688.92
632;22.10;40.34;99695.31
634;22.12;40.31;99695.91
635;22.11;40.31;99683.57
637;22.13;40.33;99692.20
638;22.13;40.35;99700.22
640;22.12;40.31;99698.58
641;22.14;40.31;99698.36
643;22.14;40.33;99695.69
644;22.13;40.33;99692.20
646;22.15;40.30;99690.13
648;22.12;40.19;99690.57
649;22.14;40.14;99690.35
651;22.15;40.17;99700.83
652;22.15;40.17;99692.80
654;22.16;40.19;99690.94
655;22.17;40.22;99689.91
657;22.17;40.22;99687.24
658;22.17;40.18;99693.41
660;22.17;40.16;99693.41
661;22.18;40.18;99695.04
663;22.19;40.17;99693.19
665;22.18;40.21;99689.69
666;22.19;40.25;99688.63
668;22.20;40.28;99686.77
669;22.21;40.27;99688.41
671;22.21;40.24;99685.74
672;22.21;40.14;99680.39
674;22.22;40.08;99684.69
675;22.22;40.03;99682.02
677;22.22;40.02;99687.38
678;22.22;40.05;99690.86
680;22.23;40.05;99686.33
681;22.25;40.05;99689.61
683;22.25;40.04;99686.94
685;22.25;40.06;99687.75
686;22.25;40.08;99687.75
688;22.25;40.05;99693.10
689;22.26;40.05;99691.25
691;22.26;40.02;99686.72
692;22.27;40.08;99690.21
694;22.27;40.08;99691.03
695;22.27;40.08;99691.03
697;22.27;40.03;99682.19
698;22.28;40.00;99683.82
700;22.27;40.00;99685.68
702;22.28;39.95;99678.47
703;22.27;39.96;99677.66
705;22.29;39.96;99677.44
706;22.29;39.92;99685.47
708;22.29;39.87;99683.58
709;22.29;39.85;99688.14
711;22.29;39.92;99677.44
712;22.31;39.94;99691.39
714;22.30;40.05;99681.72
715;22.31;40.02;99689.53
717;22.31;40.03;99694.88
718;22.31;39.98;99697.55
720;22.31;39.90;99694.88
722;22.32;39.91;99685.82
723;22.33;39.89;99691.99
725;22.33;39.90;99691.99
726;22.34;39.89;99698.97
728;22.34;39.89;99702.47
729;22.35;39.83;99695.26
731;22.34;39.89;99697.11
732;22.35;39.92;99684.57
734;22.35;39.93;99688.05
735;22.37;39.95;99682.49
737;22.37;39.95;99687.83
739;22.37;39.92;99691.33
740;22.36;39.91;99687.02
742;22.37;39.87;99690.52
743;22.37;39.88;99687.83
745;22.38;39.93;99679.60
746;22.38;39.89;99684.94
748;22.38;39.88;99684.94
749;22.38;39.85;99690.30
751;22.39;39.77;99689.22
752;22.38;39.83;99687.62
754;22.40;39.74;99693.53
755;22.39;39.72;99691.11
757;22.40;39.67;99692.72
759;22.40;39.62;99695.39
760;22.40;39.68;99687.37
762;22.40;39.68;99690.86
763;22.40;39.64;99696.21
765;22.40;39.67;99690.86
766;22.42;39.69;99689.82
768;22.41;39.71;99686.33
769;22.43;39.69;99691.46
771;22.42;39.62;99684.47
772;22.42;39.59;99687.15
774;22.43;39.64;99697.63
776;22.43;39.67;99691.46
777;22.44;39.68;99695.78
779;22.44;39.72;99690.42
780;22.44;39.65;99693.92
782;22.44;39.65;99687.75
783;22.44;39.66;99690.42
785;22.44;39.66;99691.24
786;22.46;39.67;99685.67
788;22.45;39.58;99694.74
789;22.45;39.53;99692.88
791;22.45;39.50;99692.88
793;22.45;39.49;99694.74
794;22.46;39.50;99696.38
796;22.46;39.49;99694.52
797;22.48;39.53;99705.00
799;22.46;39.55;99696.38
800;22.47;39.62;99680.10
802;22.47;39.63;99688.13
803;22.48;39.61;99691.63
805;22.48;39.62;99689.77
806;22.49;39.58;99691.41
808;22.50;39.50;99693.02
809;22.49;39.41;99680.71
811;22.49;39.42;99686.05
813;22.49;39.43;99686.05
814;22.50;39.40;99687.66
816;22.50;39.52;99693.02
817;22.51;39.53;99694.65
819;22.51;39.54;99688.48
820;22.50;39.50;99690.33
822;22.50;39.41;99693.02
823;22.51;39.43;99689.30
825;22.52;39.42;99690.12
826;22.52;39.43;99692.80
828;22.52;39.42;99698.96
830;22.53;39.40;99703.28
831;22.53;39.31;99697.11
833;22.53;39.33;99700.60
834;22.53;39.31;99697.92
836;22.53;39.38;99697.92
837;22.54;39.34;99696.07
839;22.54;39.31;99696.07
840;22.54;39.28;99696.89
842;22.54;39.26;99696.07
843;22.54;39.24;99688.04
845;22.54;39.24;99693.39
846;22.53;39.21;99694.43
848;22.54;39.21;99693.39
850;22.54;39.19;99696.89
851;22.55;39.17;99697.71
853;22.54;39.14;99702.24
854;22.54;39.14;99696.07
856;22.54;39.14;99691.53
857;22.55;39.17;99681.65
859;22.55;39.21;99692.35
860;22.54;39.18;99690.72
862;22.55;39.13;99697.71
863;22.54;39.17;99699.57
865;22.55;39.17;99705.74
867;22.54;39.14;99704.92
868;22.55;39.23;99706.55
870;22.56;39.25;99697.49
871;22.56;39.28;99708.19
873;22.56;39.24;99696.67
874;22.58;39.20;99702.62
876;22.58;39.18;99699.94
877;22.58;39.21;99703.44
879;22.57;39.20;99688.42
880;22.58;39.23;99697.27
882;22.57;39.21;99688.42
883;22.57;39.15;99688.42
885;22.57;39.16;99688.42
887;22.58;39.12;99686.57
888;22.58;39.13;99690.06
890;22.58;39.14;99686.57
891;22.57;39.08;99696.46
893;22.58;39.09;99692.74
894;22.58;39.11;99699.94
896;22.58;39.14;99695.41
897;22.60;39.19;99697.84
899;22.61;39.20;99702.15
900;22.59;39.11;99698.91
902;22.61;39.12;99700.29
904;22.60;39.12;99700.51
905;22.59;39.11;99699.72
907;22.61;39.10;99699.47
908;22.62;39.06;99706.46
910;22.61;39.07;99702.97
911;22.61;39.04;99699.47
913;22.62;39.06;99701.11
914;22.61;39.04;99697.61
916;22.61;38.94;99700.29
917;22.63;39.04;99702.75
919;22.63;39.04;99702.75
920;22.63;38.99;99705.42
922;22.62;38.98;99695.75
924;22.62;38.99;99701.92
925;22.63;38.99;99697.39
927;22.63;38.93;99698.22
928;22.63;38.94;99698.22
930;22.63;38.96;99695.54
931;22.64;38.93;99691.00
933;22.65;38.95;99695.32
934;22.64;38.96;99691.82
936;22.64;38.95;99697.17
937;22.64;38.97;99691.00
939;22.65;39.01;99693.46
941;22.65;39.02;99696.14
942;22.65;38.99;99685.43
944;22.66;38.96;99692.42
945;22.66;38.92;99694.28
947;22.65;38.93;99701.49
948;22.65;38.96;99690.78
950;22.66;38.95;99702.31
951;22.66;39.00;99703.13
953;22.67;39.12;99702.10
954;22.68;39.18;99700.24
956;22.66;39.12;99694.28
958;22.67;39.12;99702.10
959;22.68;39.14;99701.05
961;22.68;39.13;99702.91
962;22.69;39.11;99707.22
964;22.68;39.13;99703.73
965;22.68;39.17;99706.41
967;22.69;39.12;99699.19
968;22.69;39.07;99708.04
970;22.69;39.09;99705.36
971;22.70;39.11;99704.30
973;22.71;39.08;99705.11
974;22.71;39.08;99705.11
976;22.70;39.06;99701.62
978;22.71;39.04;99705.93
979;22.71;38.99;99705.11
981;22.71;38.96;99707.79
982;22.70;38.82;99706.97
984;22.71;38.87;99700.58
985;22.71;38.83;99702.44
987;22.71;38.79;99699.76
988;22.70;38.77;99698.94
990;22.71;38.79;99699.76
991;22.71;38.79;99700.58
993;22.72;38.80;99706.75
995;22.71;38.78;99699.76
996;22.72;38.80;99704.07
998;22.71;38.78;99695.22
999;22.72;38.84;99702.22
1001;22.72;38.92;99701.39
1002;22.72;38.92;99693.36
1004;22.73;38.92;99695.00
1005;22.73;38.93;99692.33
1007;22.72;38.92;99696.05
1008;22.73;38.94;99695.00
1010;22.73;38.93;99701.17
1011;22.73;38.82;99698.50
1013;22.75;38.81;99700.99
1015;22.74;38.85;99704.67
1016;22.74;38.83;99699.32
1018;22.74;38.80;99710.85
1019;22.74;38.75;99702.82
1021;22.74;38.74;99710.85
1022;22.75;38.74;99703.67
1024;22.74;38.74;99705.50
1025;22.75;38.74;99698.32
1027;22.75;38.79;99692.96
1028;22.75;38.82;99703.67
1030;22.75;38.83;99700.99
1032;22.75;38.83;99695.63
1033;22.75;38.83;99696.46
1035;22.76;38.84;99702.63
1036;22.76;38.87;99702.63
1038;22.75;38.94;99699.13
1039;22.76;38.90;99699.96
1041;22.75;38.89;99701.81
1042;22.75;38.87;99696.46
1044;22.77;38.92;99706.13
1045;22.77;38.95;99704.27
1047;22.77;39.00;99704.27
1049;22.77;39.00;99701.59
1050;22.77;38.96;99706.13
1052;22.77;39.00;99704.27
1053;22.78;38.99;99703.22
1055;22.78;38.88;99707.76
1056;22.78;38.78;99711.25
1058;22.78;38.71;99702.41
1059;22.77;38.70;99704.27
1061;22.78;38.70;99702.41
1062;22.78;38.71;99700.55
1064;22.80;38.70;99711.03
1066;22.80;38.70;99717.17
1067;22.78;38.67;99705.90
1069;22.78;38.62;99708.58
1070;22.78;38.63;99699.73
1072;22.77;38.57;99703.44
1073;22.78;38.55;99699.73
1075;22.77;38.55;99703.44
1076;22.78;38.54;99700.55
1078;22.77;38.52;99704.27
1079;22.77;38.58;99704.27
1081;22.78;38.63;99699.73
1082;22.78;38.58;99703.22
1084;22.78;38.62;99705.90
1086;22.78;38.66;99711.25
1087;22.79;38.66;99709.39
1089;22.79;38.66;99704.86
1090;22.80;38.67;99703.79
1092;22.80;38.68;99703.79
1093;22.80;38.71;99703.79
1095;22.80;38.70;99711.82
1096;22.80;38.63;99714.50
1098;22.80;38.64;99716.39
1099;22.80;38.55;99708.36
1101;22.79;38.56;99704.04
1103;22.78;38.58;99700.55
1104;22.78;38.61;99699.73
1106;22.78;38.59;99705.90
1107;22.79;38.62;99704.04
1109;22.80;38.62;99708.36
1110;22.80;38.68;99719.07
1112;22.79;38.73;99718.25
1113;22.79;38.76;99701.36
1115;22.80;38.78;99714.50
1116;22.80;38.75;99708.36
1118;22.78;38.76;99703.22
1120;22.79;38.77;99704.04
1121;22.79;38.74;99706.72
1123;22.79;38.69;99704.04
1124;22.79;38.61;99706.72
1126;22.78;38.56;99705.08
1127;22.79;38.53;99712.07
1129;22.79;38.56;99712.07
1130;22.78;38.58;99713.93
1132;22.79;38.57;99704.86
1133;22.79;38.58;99706.72
1135;22.80;38.54;99708.36
1136;22.78;38.54;99705.90
1138;22.78;38.55;99711.25
1140;22.79;38.53;99712.07
1141;22.78;38.53;99708.58
1143;22.79;38.50;99717.42
1144;22.78;38.50;99710.44
1146;22.78;38.49;99705.90
1147;22.78;38.48;99707.76
1149;22.78;38.50;99710.44
1150;22.77;38.54;99709.62
1152;22.78;38.52;99705.90
1153;22.78;38.58;99708.58
1155;22.80;38.60;99701.11
1157;22.79;38.58;99698.69
1158;22.78;38.58;99703.22
1160;22.80;38.63;99697.64
1161;22.79;38.61;99707.53
1163;22.79;38.63;99702.18
1164;22.80;38.79;99703.79
1166;22.80;38.84;99705.67
